682105937
;681599487
;672734083
;683401002
;677578165
;653479176
;675449917
;682414500
;650137232
;672867602
 
672296625
;672448721
;680686585
;677468539
;680631858
;652254680
;652886420
;650668537
;672765313
;670765756
 
682155302
;654119733
;651165047
;680798206
;675863470
;677238563
;654863579
;676717028
;674136975
;673772226
 
674716872
;650567387
;650567387
;683834763
;683834763
;674682214
;674682214
;653430337
;676429804
;671094513
 
671094513
;670323832
;652255900
;652255900
;680678373
;676427924
;670834200
;652955363
;652627270
;672047182
 
650508547
;678228447
;671031153
;671288496
;670353832
;670353832
;671052080
;672465889
;677965369
;675897791
 
675449917
;677578165
;652886420
;672765313
;651165047
;675863470
;676717028
;674136975
;654390853
;652686995
 
680889423
;682921881
;679513398
;674383657
;681531631
;670358463
;675669872
;670625150
;674685575
;672030329
 
654390853
;676943764
;670283898
;674057705
;675353747
;681337971
;653860619
;673857036
;672043746
;675383698
 
679382108
;678337460
;653184541
;653333530
;676463690
;680084145
;683548636
;673946152
;675736779
;680084145
 
654925054
;652091681
;671237097
;675950774
;681228127
;652279006
;651270745
;680798846
;683241493
;679856757
 
650866896
;670348754
;672586060
;675813498
;673534068
;673437556
;652606150
;652479891
;673718072
;674879662
 
670743058
;670938432
;677782149
;676812362
;676898221
;654067268
;676364224
;654802970
;650510314
;673029078
 
677576482
;650535377
;673733946
;652091251
;680970007
;674436758
;680908799
;671831808
;653890623
;671696300
 
673455465
;671286281
;672978828
;675481195
;654200871
;672978828
;683295181
;676891471
;678735144
;650182364
 
677784470
;652405257
;654072146
;681317297
;676796206
;676842889
;678832348
;679414573
;652125467
;670343682
 
679635689
;653040652
;675052292
;677596070
;675350585
;654344417
;680884877
;672732899
;677658426
;670380467
 
680997796
;681206174
;677399492
;675485005
;676599632
;678695956
;